00000000000000000000000000000000
00000000000000000000000000010000
00000000000000000000000000100000
00000000000000000000000000110000
00000000000000000000000001000000
00000000000000000000000001010000
00000000000000000000000001100000
00000000000000000000000001110000
00000000000000000000000000000000
00000000000000000000000000010000
00000000000000000000000000100000
00000000000000000000000000110000
00000000000000000000000001000000
00000000000000000000000001010000
00000000000000000000000001100000
00000000000000000000000001110000
